1 3641.632000 3432.736000 3467.962000 1.823000 196.516000
2 3706.952000 3484.019000 3466.307000 2.402000 302.914000
3 4007.206000 3449.179000 3452.038000 2.816000 457.385000
4 3982.563000 3494.886000 3482.079000 3.392000 575.708000
5 4358.396000 3495.626000 3470.497000 3.808000 783.991000
6 4417.805000 3495.179000 3460.885000 4.292000 870.725000
7 5220.608000 3500.748000 3464.927000 4.980000 763.758000
8 6142.195000 3496.539000 3459.585000 5.260000 817.863000
9 7305.111000 3484.729000 3457.533000 5.852000 772.515000
10 7175.811000 3521.489000 3416.256000 6.469000 890.359000
11 7168.364000 3522.857000 3461.194000 7.118000 733.645000
12 7939.197000 3520.343000 3469.444000 7.387000 1307.245000
13 7363.485000 3576.222000 3480.652000 8.269000 1000.747000
14 7861.437000 3528.650000 3465.908000 8.434000 1350.434000
15 7367.058000 3489.992000 3498.427000 8.876000 1071.101000
16 7210.070000 3593.290000 3450.927000 9.770000 1102.460000
17 7441.524000 3547.776000 3471.723000 10.104000 1114.942000
18 7656.491000 3549.652000 3571.993000 10.780000 1142.797000
19 7455.862000 3789.137000 3703.767000 11.730000 1126.633000
20 7204.179000 3790.368000 3724.703000 12.226000 1181.634000
21 7450.467000 3804.626000 3701.383000 12.776000 1252.383000
22 8060.741000 3808.677000 3702.945000 13.838000 1384.469000
23 8082.357000 3853.539000 3690.888000 13.849000 1274.465000
24 8187.284000 3832.017000 3695.270000 14.781000 1392.985000
25 7977.765000 3817.084000 3699.374000 15.048000 1398.884000
26 7964.929000 3819.979000 3710.847000 15.646000 1434.536000
27 8280.100000 3830.658000 3708.210000 16.477000 1530.815000
28 8362.620000 3828.502000 3730.530000 16.726000 1630.816000
29 8444.531000 3837.085000 3708.005000 17.082000 1738.533000
30 8565.255000 3857.076000 3704.790000 17.889000 1496.951000
31 8495.853000 3841.839000 3704.405000 18.208000 1612.437000
32 8846.080000 3847.219000 3707.878000 18.662000 1887.159000
33 8700.923000 3893.542000 3702.020000 19.600000 1749.580000
34 9290.891000 3860.801000 3729.251000 19.751000 2985.585000
35 8523.747000 3864.143000 3708.358000 20.188000 1819.597000
36 8512.477000 3878.500000 3708.001000 20.940000 2149.730000
37 8157.098000 3887.153000 3704.417000 21.358000 1621.796000
38 8622.678000 3884.062000 3706.499000 22.217000 1962.035000
39 8776.376000 3888.308000 3859.495000 22.602000 1997.163000
40 9520.973000 4544.058000 4436.790000 26.720000 2028.455000
