1 31.732000 22.571000
2 52.454000 33.426000
3 66.857000 40.967000
4 82.657000 50.482000
5 105.269000 56.346000
6 124.056000 63.680000
7 144.949000 69.436000
8 163.362000 79.738000
9 183.074000 84.116000
10 201.210000 99.292000
11 222.181000 99.598000
12 252.050000 108.868000
13 262.430000 114.459000
14 279.658000 123.056000
15 297.748000 132.220000
16 337.970000 140.177000
17 389.810000 193.955000
18 366.684000 152.492000
19 395.014000 160.912000
20 391.186000 166.417000
21 408.692000 174.772000
22 431.838000 196.892000
23 445.686000 188.501000
24 469.311000 199.737000
25 904.128000 205.593000
26 505.430000 213.402000
27 527.645000 219.955000
28 599.731000 226.465000
29 567.644000 232.122000
30 585.464000 244.265000
31 620.765000 247.599000
32 622.347000 255.646000
33 644.708000 261.912000
34 660.380000 270.149000
35 682.517000 279.228000
36 738.976000 6186.141000
37 1907.147000 301.906000
38 7014.396000 308.181000
39 768.545000 306.709000
40 3573.888000 323.194000
