1 5432.219000 4450.421000 4117.328000 2.452000 193.141000
2 3842.848000 3424.562000 3409.041000 2.391000 163.164000
3 3729.191000 3512.918000 3411.966000 2.953000 155.889000
4 3655.791000 3465.729000 3446.889000 3.669000 168.492000
5 3681.625000 3568.025000 3416.050000 4.326000 191.157000
6 3725.072000 3447.559000 3716.815000 4.648000 213.239000
7 3767.180000 3452.803000 3441.898000 5.316000 251.574000
8 3732.497000 3488.358000 3416.166000 5.906000 246.309000
9 3786.466000 3458.096000 3413.701000 6.428000 265.282000
10 3787.760000 3626.509000 3580.709000 8.005000 294.380000
11 3824.511000 3580.630000 3450.620000 7.853000 335.315000
12 4060.399000 3557.804000 3714.544000 9.163000 408.261000
13 3928.508000 3482.445000 3414.621000 8.337000 363.652000
14 3882.543000 3509.337000 3421.437000 9.161000 361.125000
15 3880.698000 3769.412000 3417.597000 10.297000 373.569000
16 3918.132000 3492.678000 3495.216000 10.053000 425.526000
17 3908.724000 3525.986000 3490.912000 11.171000 413.919000
18 3939.244000 3503.686000 3437.891000 11.375000 432.735000
19 3980.056000 3544.874000 3424.164000 11.718000 446.664000
20 4001.832000 3503.933000 3488.212000 12.441000 465.359000
21 3979.344000 3666.862000 3567.327000 13.118000 475.236000
22 4046.524000 3518.666000 3458.231000 13.360000 496.700000
23 4181.076000 3539.525000 3404.096000 14.341000 545.895000
24 4089.024000 3554.886000 3400.149000 14.738000 548.071000
25 4060.343000 3559.501000 3479.260000 15.453000 553.958000
26 4137.113000 3533.330000 3645.641000 15.656000 584.121000
27 4147.785000 3539.031000 3411.819000 16.315000 607.368000
28 4217.440000 3568.625000 3462.751000 16.660000 640.920000
29 4202.531000 3570.427000 3412.574000 17.486000 687.103000
30 4328.851000 3552.029000 3406.422000 17.702000 783.857000
31 4215.165000 3594.053000 3418.104000 18.361000 671.975000
32 4202.373000 3710.912000 3481.763000 19.088000 686.966000
33 4213.912000 3565.286000 3490.151000 19.386000 698.909000
34 4383.187000 3790.403000 3421.669000 20.759000 816.672000
35 4249.270000 3610.122000 3485.864000 20.731000 735.517000
36 4454.927000 3630.291000 3471.139000 20.575000 850.928000
37 4391.206000 3588.308000 3411.995000 21.242000 797.430000
38 4386.263000 3589.168000 3413.896000 22.229000 826.740000
39 4363.583000 3666.036000 3410.323000 23.192000 843.662000
40 4359.635000 3732.398000 3463.251000 23.550000 833.516000
