1 107.463000 28.859000
2 105.033000 36.494000
3 138.081000 41.748000
4 113.086000 51.620000
5 124.581000 48.233000
6 135.389000 69.829000
7 186.541000 62.887000
8 189.498000 67.090000
9 242.412000 73.718000
10 256.824000 80.034000
11 286.037000 86.461000
12 296.956000 92.092000
13 304.629000 99.376000
14 398.384000 107.824000
15 362.741000 114.973000
16 341.116000 121.135000
17 234.036000 124.964000
18 257.790000 131.166000
19 413.625000 139.531000
20 417.644000 167.466000
21 406.666000 159.834000
22 326.141000 158.664000
23 518.580000 163.122000
24 389.349000 174.034000
25 398.147000 178.318000
26 360.879000 182.547000
27 486.158000 188.428000
28 399.461000 246.079000
29 557.578000 202.202000
30 711.379000 211.018000
31 519.584000 216.370000
32 457.377000 224.405000
33 453.267000 229.729000
34 466.906000 245.592000
35 594.297000 244.304000
36 495.273000 249.460000
37 569.195000 310.400000
38 704.566000 263.022000
39 524.077000 269.755000
40 552.812000 318.472000
