1 5159.858000 6001.785000 3500.293000
2 2041.446000 3987.222000 3496.737000
3 1623.349000 3583.859000 3392.138000
4 1350.936000 3569.008000 3459.672000
5 1139.902000 3583.900000 3435.136000
6 1027.290000 3590.334000 3475.618000
7 1228.503000 3507.571000 3482.537000
8 1097.283000 3527.698000 3394.146000
9 1031.452000 3518.319000 3471.554000
10 909.143000 3505.753000 3383.267000
11 924.062000 3478.465000 3473.194000
12 1158.482000 3553.840000 3330.262000
13 1116.818000 3558.550000 3459.449000
14 1134.456000 3630.338000 3458.600000
15 1040.567000 3635.502000 3449.811000
16 1118.507000 3639.101000 3464.966000
17 1046.387000 3650.811000 3415.035000
18 1040.015000 3651.683000 3466.421000
19 1067.543000 3678.487000 3477.759000
20 1019.044000 3654.055000 3463.106000
21 1099.471000 3671.442000 3467.397000
22 1086.201000 3619.013000 3459.508000
23 1055.580000 3677.361000 3466.995000
24 1127.469000 3694.524000 3461.286000
25 1109.330000 3735.960000 3507.846000
26 1009.148000 3741.191000 3514.091000
27 1260.968000 3744.799000 3499.736000
28 1023.827000 3744.322000 3511.725000
29 997.517000 3755.163000 3506.564000
30 995.470000 3759.970000 3520.221000
31 990.976000 3760.455000 3513.339000
32 979.691000 3794.279000 3489.193000
33 928.962000 3791.272000 3509.017000
34 984.211000 3860.695000 3536.301000
35 974.124000 3786.261000 3515.487000
36 1015.262000 3804.480000 3503.927000
37 952.178000 3794.010000 3514.386000
38 1003.142000 3810.564000 3511.220000
39 999.316000 3815.132000 3509.218000
40 1029.851000 3800.848000 3504.845000
